3 45 41 1 2 15 38 35 36 13 6 48 47 28 11 42 50 39 32 26 20 29 49 22 9 34 27 43 25 16 46 5 31 19 17 24 37 10 33 40 30 14 44 4 18 12 8 21 23 7
6 13 3 4 10 7 8 2 1 11 9 14 5 12
18 16 33 5 35 4 46 39 11 21 19 9 7 50 40 10 32 38 29 15 30 28 24 45 26 14 27 12 25 23 3 1 2 8 41 44 49 47 22 37 43 42 48 31 34 13 36 20 17 6
1 2 4 3 6 5 7 8
45 44 43 46 47 48 4 1 2 3 7 8 9 13 14 15 19 20 21 24 23 22 18 17 16 12 11 10 6 5 34 35 36 40 41 42 39 38 37 33 32 31 27 26 25 28 29 30
39 36 4 27 20 33 3 10 26 40 15 6 14 8 31 42 17 35 21 22 48 11 25 45 46 50 19 32 41 24 2 49 30 23 43 47 13 29 37 5 34 1 16 44 38 12 18 7 28 9
25 7 21 12 14 1 19 13 8 6 26 15 24 22 5 16 11 10 20 18 9 17 4 3 23 2
9 3 5 10 12 2 7 8 6 11 15 13 16 14 1 4
34 33 37 36 40 39 38 14 15 16 12 13 9 10 11 35 22 23 24 20 21 17 18 19 27 26 25 29 28 32 31 30 43 42 41 45 44 48 47 46 6 7 8 4 5 1 2 3
3 33 42 38 28 37 46 35 48 41 36 20 32 24 4 5 29 40 1 13 14 30 27 9 44 34 43 21 23 8 31 16 45 47 10 39 11 25 7 2 22 6 26 15 19 17 12 18
20 6 31 35 40 12 23 14 44 37 34 4 15 47 28 36 25 24 21 42 43 33 1 13 11 41 26 46 22 19 18 38 27 29 10 50 39 32 9 3 8 30 17 7 2 49 45 48 16 5
35 14 18 10 39 34 15 13 2 17 42 26 27 11 37 33 3 43 40 20 38 50 47 19 41 29 5 4 31 8 1 21 7 48 25 12 28 9 49 23 6 24 16 22 30 45 32 46 44 36
23 24 22 19 17 18 20 5 12 10 9 11 14 16 15 13 4 2 7 8 6 3 1 49 50 48 46 43 41 42 44 37 39 40 38 35 33 34 36 21 29 31 32 30 27 25 26 28 45 47
49 24 35 36 4 2 29 9 28 7 22 43 3 50 1 21 23 41 48 32 13 31 26 6 11 34 17 25 27 30 15 18 44 38 40 8 10 33 47 14 12 20 45 19 16 37 42 5 46 39
39 50 4 33 16 9 23 47 21 20 15 32 43 40 31 44 35 7 36 10 1 41 12 45 3 25 14 6 22 5 2 48 13 24 18 37 34 27 11 42 38 29 26 17 49 30 28 19 8 46
32 50 3 25 39 42 18 10 11 47 19 24 49 45 13 41 21 30 48 33 9 44 12 16 36 28 7 29 6 5 26 31 17 46 35 20 37 1 27 34 22 15 23 43 8 2 4 38 40 14
4 2 10 1 3 6 9 5 7 8
42 5 7 25 40 3 50 26 9 4 37 39 12 1 21 6 41 10 17 48 31 27 32 15 49 14 23 46 34 2 19 28 18 45 8 13 30 11 29 24 33 44 20 38 43 36 16 22 35 47
3 5 4 6 7 2 1 20 21 23 22 24 19 14 15 17 16 18 13 12 10 11 9 8
50 1 36 31 42 30 27 7 45 40 16 25 26 24 13 22 15 47 32 10 5 41 48 35 11 34 49 44 6 20 29 4 28 46 21 19 39 2 43 37 38 9 12 8 3 33 17 18 14 23
2 29 21 35 39 33 46 44 7 43 11 14 26 3 19 37 5 8 25 41 15 48 40 12 30 36 23 10 22 1 27 9 6 34 31 38 13 4 47 28 24 20 45 18 42 16 17 32
13 4 11 18 14 20 21 12 3 10 2 22 8 7 5 17 9 6 19 1 16 15
33 10 22 29 2 50 37 11 16 44 34 18 25 45 13 12 48 20 3 39 27 38 26 8 31 5 40 4 7 35 49 28 36 1 30 42 14 15 24 19 46 21 43 23 9 32 6 17 47 41
16 17 15 14 18 19 4 5 6 7 8 9 10 11 12 13 20 21 22 23 30 27 26 28 29 24 25 3 2 1
33 47 41 46 34 35 27 18 40 29 39 13 48 14 7 31 28 44 4 43 24 19 1 15 16 49 17 25 6 22 12 45 26 21 10 8 38 11 5 20 50 37 9 23 32 30 3 36 42 2
49 50 9 11 5 10 3 15 7 16 13 6 4 14 8 2 12 1 25 27 21 26 19 32 29 22 17 28 18 24 30 20 23 31 33 44 34 48 45 38 36 46 40 41 43 37 42 35 47 39
7 45 8 18 17 26 1 19 11 50 30 36 49 31 48 2 32 43 16 12 29 42 24 14 34 27 28 38 4 44 21 22 23 5 39 13 10 20 9 40 3 46 6 15 37 35 47 33 25 41
34 8 12 26 16 3 46 14 31 7 27 47 40 39 18 10 5 50 15 32 9 41 37 45 24 23 25 42 4 1 21 19 30 43 28 6 36 38 29 44 17 22 33 13 49 35 20 11 2 48
12 11 10 9 8 7 6 5 4 3 2 1 40 13 14 15 16 17 18 19 20 21 22 23 24 25 26 27 28 29 39 38 37 36 35 34 33 32 31 30
43 36 35 12 16 3 26 19 42 32 29 2 11 33 44 22 1 40 46 25 17 47 9 10 49 38 4 31 45 13 7 23 34 20 39 14 8 28 15 27 6 18 30 48 41 5 24 50 37 21
8 24 29 48 50 22 30 3 1 37 14 16 33 20 41 28 9 42 38 36 18 26 4 7 19 11 17 32 31 15 13 43 21 27 44 47 25 6 46 2 45 49 39 40 23 5 34 35 12 10
28 4 40 41 7 25 26 42 20 21 27 11 12 46 8 9 15 23 22 14 13 47 33 32 38 39 31 45 44 43 3 49 50 36 2 1 19 5 6 18 17 16 10 34 35 37 29 30 24 48
15 16 12 13 9 10 11 14 22 23 24 20 21 17 18 19 6 7 8 4 3 2 1 5
20 30 48 43 25 49 42 6 9 16 47 32 19 15 21 44 45 4 5 12 28 38 13 31 7 29 17 34 27 50 1 40 2 35 18 46 33 41 36 22 8 10 11 39 24 14 23 3 37 26
20 29 4 8 10 38 33 35 12 1 3 11 50 36 40 32 46 31 7 23 28 47 22 18 14 30 27 39 25 19 26 37 48 13 24 44 17 15 6 5 2 41 45 42 49 21 43 34 16 9
2 10 5 7 3 6 4 8 1 9
10 22 32 37 43 4 8 20 48 39 34 11 23 19 26 46 50 3 7 6 41 36 40 12 25 35 44 24 1 2 28 49 16 9 5 27 42 30 18 17 14 33 29 38 13 21 15 31 47 45
3 2 1 5 6 35 19 18 17 21 20 24 23 22 27 43 42 41 45 44 48 47 46 38 39 40 36 37 33 34 13 9 10 11 12 16 15 14 30 31 32 28 29 25 26 7 8 4
48 47 46 31 32 33 34 35 3 2 1 45 13 14 15 42 43 44 12 11 10 9 8 7 6 5 4 36 37 38 30 29 28 27 26 25 24 23 22 21 20 19 18 17 16 39 40 41
6 2 4 7 1 5 8 3
2 12 47 49 3 30 32 35 26 39 37 19 44 17 14 36 18 21 29 9 4 41 24 28 50 40 16 27 8 5 6 15 7 11 10 22 48 34 45 23 1 33 13 43 31 38 42 25 20 46
2 1 3 4 5 6 7 8 9 10 11 12 13 14 15 16 17 18 19 20 21 22 23 24 25 48 47 46 45 44 43 42 41 40 39 38 37 36 35 34 33 32 31 30 29 28 27 26
10 9 11 22 14 29 27 28 44 19 38 24 8 49 16 21 20 33 37 31 40 23 13 4 1 32 12 34 46 36 41 50 18 2 30 45 17 48 35 25 6 47 43 15 5 42 7 26 39 3
6 1 4 3 2 5
23 27 40 30 29 7 5 4 16 2 31 14 8 9 15 20 28 3 26 32 41 11 6 34 46 17 25 22 12 1 19 18 10 36 33 45 21 42 24 44 38 39 37 13 35 43
1 2 3 4 5 6 7 8 9 10 11 12 13 14 15 16 17 18 19 20 21 22 23 24 25 26 27 28 29 30 31 32 33 34 35 36 37 38 39 40 41 42 43 44 45 46 47 48
30 43 33 19 14 31 1 15 26 37 2 40 34 39 12 49 48 17 7 27 6 16 11 46 3 29 22 20 10 45 35 8 42 21 4 44 24 50 9 13 32 23 25 18 38 28 5 36 41 47
24 21 49 40 43 12 11 33 37 39 48 46 45 47 16 22 36 38 41 50 13 2 5 34 26 28 18 30 15 44 17 29 25 1 3 19 7 8 4 31 32 27 35 14 10 9 6 42 20 23
36 15 14 25 11 38 39 19 22 37 46 50 42 48 12 5 23 10 44 41 43 20 34 27 17 35 6 45 2 28 31 7 21 40 30 26 33 4 3 1 18 8 49 24 47 16 9 32 13 29
