28 22 25 24 27 23 26 29 21 2 10 8 3 6 1 4 9 5 7 30 12 20 11 14 16 15 19 18 13 17 42 45 41 49 46 47 43 48 44 50 33 35 38 37 32 31 36 34 40 39
22 19 2 29 30 12 26 45 46 5 11 40 8 23 6 43 27 24 28 17 31 34 36 18 3 33 32 1 14 21 42 38 47 10 20 15 50 4 49 7 39 25 16 44 35 13 37 9 48 41
37 27 47 33 15 35 28 5 46 19 20 32 16 45 9 36 31 13 10 21 49 8 24 50 26 2 40 29 22 11 43 42 14 3 48 23 17 34 39 44 18 1 41 6 12 25 4 7 30 38
33 20 35 29 30 7 2 9 8 41 34 15 10 21 48 42 19 25 16 4 40 24 49 14 18 45 17 38 11 22 27 32 37 6 1 47 5 50 31 23 28 39 43 36 46 13 44 12 3 26
3 6 4 2 1 5
2 11 21 29 10 8 5 12 27 22 20 3 6 16 7 13 17 19 23 1 9 28 18 25 24 14 4 15 26 30
4 10 9 8 6 1 2 7 5 3
35 18 14 25 33 28 3 46 20 32 7 13 26 22 11 40 8 21 4 49 15 10 39 43 29 30 44 5 1 36 19 42 48 23 12 37 38 34 27 41 16 17 45 47 24 50 2 9 31 6
21 22 23 15 16 26 27 28 17 18 19 20 24 25 14 13 12 11 10 9 8 1 6 5 4 3 2 7
44 26 8 43 21 5 34 50 40 1 19 45 14 20 38 9 6 18 15 12 24 31 46 35 49 47 48 7 33 2 10 27 32 23 22 17 25 11 41 29 4 36 28 13 37 39 3 30 42 16
20 21 22 23 24 1 2 3 4 5 6 7 8 41 42 43 44 45 46 47 48 16 15 14 13 12 11 10 9 17 18 19 30 29 28 27 26 25 33 34 35 36 37 38 39 40 32 31
22 27 4 47 1 15 23 41 3 17 35 10 48 31 29 28 38 18 36 16 34 43 39 9 45 44 49 19 21 6 25 50 37 2 30 40 7 13 26 42 8 33 20 24 12 5 46 11 32 14
50 1 21 6 30 44 40 9 14 38 43 39 4 25 3 33 29 45 24 11 10 34 36 47 15 12 17 32 28 42 18 23 31 37 49 7 5 22 46 41 35 16 8 2 26 48 27 19 13 20
6 38 24 25 30 16 2 4 3 28 12 13 49 14 40 35 7 19 8 32 23 37 46 1 10 44 18 36 27 31 34 50 26 17 33 11 48 39 43 22 5 47 9 41 15 42 29 21 20 45
1 2 3 4 5 6 7 8 9 10 11 12 13 14 15 16 17 18 19 20 21 22 23 24 25 26 27 28 29 30 31 32 33 34 35 36 37 38 39 40 41 42 43 44 45 46 47 48
3 19 13 14 17 8 2 15 16 4 9 12 5 10 7 20 18 6 11 1
4 5 6 7 8 9 10 11 12 13 14 15 16 17 18 19 20 21 22 23 24 25 26 27 28 29 30 31 32 33 34 35 36 37 38 39 40 41 42 43 44 45 46 47 48 49 50 1 2 3
28 31 4 7 29 33 45 38 6 41 9 44 49 39 26 5 20 32 46 10 23 16 34 40 8 43 14 12 35 21 15 30 48 42 36 37 1 13 24 47 3 18 17 50 22 11 25 19 27 2
31 39 33 30 26 28 16 37 3 14 6 27 4 20 49 18 2 1 5 44 45 19 42 41 11 43 17 35 29 32 9 40 34 50 10 25 23 36 47 24 38 15 48 13 7 46 12 21 22 8
47 2 21 30 13 8 38 32 49 40 10 12 7 23 27 20 36 18 50 25 24 39 37 42 19 44 5 31 11 15 46 29 26 34 22 1 41 6 14 4 43 48 33 45 28 35 3 17 16 9
9 8 7 2 1 3 4 5 6 10
38 20 26 2 32 14 44 8 11 47 17 35 5 29 23 41 46 16 34 4 28 22 40 10 6 36 18 48 12 42 24 30 45 15 33 3 27 21 39 9 7 37 19 25 1 31 13 43
20 43 21 44 29 19 37 7 42 8 14 50 35 10 48 23 34 47 15 30 32 17 39 1 31 2 46 41 11 13 27 18 26 33 24 49 38 40 36 28 12 25 5 22 16 45 9 6 3 4
25 26 29 30 27 28 32 31 9 10 13 11 12 16 15 14 33 34 37 35 36 40 39 38 41 42 45 46 47 43 44 48 17 23 22 21 18 19 20 24 1 2 5 3 4 8 7 6
12 42 37 25 36 2 7 49 24 48 44 28 50 40 10 38 34 45 31 26 15 1 46 29 17 3 11 30 27 20 47 39 14 32 8 6 43 9 33 5 22 13 21 4 23 19 41 35 18 16
3 26 21 5 1 18 25 15 22 17 12 19 7 24 8 13 4 23 10 2 11 14 20 6 9 16
8 3 11 12 5 1 7 15 4 16 9 6 14 10 2 13
5 4 6 14 13 12 11 10 9 8 7 3 1 2 16 15 17 18 19 20
43 33 28 16 26 50 32 25 24 35 29 34 18 21 19 46 4 37 11 1 40 23 30 45 39 14 27 41 8 9 31 6 5 2 44 12 42 10 17 7 49 20 36 15 38 48 47 13 3 22
11 41 5 12 31 42 26 4 21 44 6 23 38 33 28 13 10 22 45 8 3 48 9 39 46 17 20 7 47 15 35 1 40 24 16 34 49 29 43 14 2 30 19 18 50 25 32 36 37 27
3 7 1 8 6 2 5 4 9 10 13 17 11 18 16 12 15 14 19 20 23 27 21 28 26 22 43 49 45 42 50 44 48 46 47 41 40 39 34 35 32 36 38 31 37 33 30 29 24 25
8 16 21 45 7 10 2 5 44 35 3 19 32 12 50 39 49 42 4 46 33 22 34 24 29 1 13 28 36 37 14 25 48 38 40 15 17 31 18 27 47 20 23 43 41 6 9 11 30 26
3 2 8 9 1 4 7 5 10 6
10 9 15 12 14 1 5 2 8 4 16 11 21 18 26 6 20 17 35 32 43 38 46 31 42 33 36 34 39 37 48 40 49 45 50 41 25 47 29 44 22 27 13 30 19 23 24 7 28 3
3 1 2 5 6 4
13 12 2 3 11 10 9 7 6 5 14 15 16 1 4 8
50 1 2 3 4 5 6 7 8 9 10 11 12 13 14 15 16 17 18 19 20 21 22 23 24 25 26 27 28 29 30 31 32 33 34 35 36 37 38 39 40 41 42 43 44 45 46 47 48 49
49 24 17 30 19 44 23 41 40 9 21 28 29 13 50 45 15 32 1 48 7 38 8 6 33 31 2 20 36 25 18 5 37 4 11 47 39 42 14 10 22 46 34 35 12 26 43 3 27 16
25 50 1 26 2 27 3 28 4 29 5 30 6 31 7 32 8 33 9 34 10 35 11 36 12 37 13 38 14 39 15 40 16 41 17 42 18 43 19 44 20 45 21 46 22 47 23 48 24 49
22 15 18 14 10 12 9 6 2 1 5 19 21 11 17 20 13 8 16 4 7 3
33 47 26 50 27 43 48 5 9 8 36 6 39 17 44 3 46 13 14 34 42 30 29 11 4 45 22 12 23 38 31 7 20 24 19 1 28 15 37 18 16 35 32 41 21 40 25 2 10 49
36 33 39 2 10 5 49 47 48 18 13 15 45 41 44 8 1 6 46 42 43 9 35 34 14 29 25 23 27 22 28 21 26 24 30 38 32 16 11 17 37 31 40 20 12 19 50 4 3 7
31 17 9 28 44 26 12 16 42 19 20 37 36 32 23 30 43 34 22 45 27 18 13 29 5 6 7 15 24 46 33 35 25 48 41 47 40 14 39 10 21 38 11 3 2 1 8 4
14 40 48 49 42 45 1 47 27 11 5 6 31 24 41 7 3 20 44 18 22 25 46 26 36 32 29 50 4 13 9 28 33 35 39 19 21 30 10 12 37 23 43 34 8 38 17 16 2 15
29 45 16 14 12 27 23 28 41 15 21 46 11 26 1 35 2 24 44 7 17 42 6 37 18 49 34 9 32 8 25 50 39 30 5 48 40 47 19 22 36 10 43 33 31 3 20 13 38 4
33 9 34 10 35 11 36 12 37 13 38 14 39 16 41 17 42 18 45 21 46 22 47 23 48 24 49 25 50 1 26 2 27 3 43 19 44 20 28 4 29 5 30 6 31 7 32 8 15 40
