10
0 85 91 8 6 2 5 92 98 99 
85 0 4 98 98 84 76 3 1 0 
91 4 0 80 85 98 78 4 9 7 
8 98 80 0 4 8 3 84 81 97 
6 98 85 4 0 4 6 78 94 83 
2 84 98 8 4 0 7 91 87 83 
5 76 78 3 6 7 0 76 94 96 
92 3 4 84 78 91 76 0 5 2 
98 1 9 81 94 87 94 5 0 3 
99 0 7 97 83 83 96 2 3 0 
BRRBBBBRRR