10
0 1 42 13 4 56 47 32 9 89
1 0 8 35 76 3 15 27 65 50
42 8 0 11 45 92 5 26 31 69
13 35 11 0 51 2 78 62 48 33
4 76 45 51 0 40 64 86 62 13
56 3 92 2 40 0 86 3 32 39
47 15 5 78 64 86 0 27 93 68
32 27 26 62 86 3 27 0 67 45 
9 65 31 48 62 32 93 67 0 29
89 50 69 33 13 39 68 45 29 0
RBRBRBRBRB