22
0 12 25 5 35 22 23 25 1 15 32 78 67 77 84 82 83 73 100 100 66 67 
12 0 0 10 10 22 11 24 34 1 35 94 85 93 97 80 84 92 91 87 78 67 
25 0 0 21 27 20 2 6 22 9 11 98 95 78 92 97 65 65 98 97 73 65 
5 10 21 0 7 29 32 7 21 28 7 67 99 85 69 83 70 67 93 96 74 99 
35 10 27 7 0 32 26 11 27 4 3 69 81 77 77 95 80 96 83 75 90 99 
22 22 20 29 32 0 25 13 7 22 4 95 65 65 89 81 90 77 96 80 100 76 
23 11 2 32 26 25 0 15 12 9 15 99 67 97 74 81 69 79 69 94 94 72 
25 24 6 7 11 13 15 0 13 32 17 93 87 92 80 70 65 80 69 91 66 74 
1 34 22 21 27 7 12 13 0 11 11 94 85 83 71 67 73 94 82 67 70 79 
15 1 9 28 4 22 9 32 11 0 28 87 98 77 95 86 75 91 92 97 82 97 
32 35 11 7 3 4 15 17 11 28 0 72 90 83 76 96 77 85 87 72 69 79 
78 94 98 67 69 95 99 93 94 87 72 0 25 28 2 31 4 8 28 33 30 17 
67 85 95 99 81 65 67 87 85 98 90 25 0 2 31 25 33 11 0 8 8 11 
77 93 78 85 77 65 97 92 83 77 83 28 2 0 3 5 30 21 18 9 27 30 
84 97 92 69 77 89 74 80 71 95 76 2 31 3 0 5 31 4 10 6 0 13 
82 80 97 83 95 81 81 70 67 86 96 31 25 5 5 0 25 32 14 8 22 33 
83 84 65 70 80 90 69 65 73 75 77 4 33 30 31 25 0 1 2 9 6 11 
73 92 65 67 96 77 79 80 94 91 85 8 11 21 4 32 1 0 7 1 33 19 
100 91 98 93 83 96 69 69 82 92 87 28 0 18 10 14 2 7 0 17 8 6 
100 87 97 96 75 80 94 91 67 97 72 33 8 9 6 8 9 1 17 0 2 6 
66 78 73 74 90 100 94 66 70 82 69 30 8 27 0 22 6 33 8 2 0 18 
67 67 65 99 99 76 72 74 79 97 79 17 11 30 13 33 11 19 6 6 18 0 
RRRRRRRRRRRBBBBBBBBBBB