20
0 2 5 97 39 36 57 1 72 10 88 19 42 80 47 55 52 68 85 38
2 0 73 53 4 76 25 9 56 87 21 20 93 46 15 51 16 43 45 77
5 73 0 8 3 58 7 28 66 4 92 41 71 99 100 75 13 33 22 69
97 53 8 0 70 1 79 49 3 81 74 94 65 95 14 23 34 83 29 54
39 4 3 70 0 11 59 6 64 18 32 90 12 96 44 27 48 50 78 17
36 76 58 1 11 0 2 82 61 24 26 63 89 62 31 84 91 86 67 30
57 25 7 79 59 2 0 98 60 1 35 40 37 52 24 55 42 72 39 45
1 9 28 49 6 82 98 0 31 48 14 80 57 77 27 44 87 49 58 54
72 56 66 3 64 61 60 31 0 89 1 100 37 8 71 68 84 91 75 83
10 87 4 81 18 24 1 48 89 0 67 32 81 82 22 64 21 73 15 96
88 21 92 74 32 26 35 14 1 67 0 26 41 86 93 6 34 98 43 70
19 20 41 94 90 63 40 80 100 32 26 0 47 16 46 36 1 35 4 65
42 93 71 65 12 89 37 57 37 81 41 47 0 23 63 4 13 3 92 7
80 46 99 95 96 62 52 77 8 82 86 16 23 0 25 90 20 85 2 50
47 15 100 14 44 31 24 27 71 22 93 46 63 25 0 51 2 74 17 3
55 51 75 23 27 84 55 44 68 64 6 36 4 90 51 0 18 33 76 2
52 16 13 34 48 91 42 87 84 21 34 1 13 20 2 18 0 79 88 94
68 43 33 83 50 86 72 49 91 73 98 35 3 85 74 33 79 0 5 12
85 45 22 29 78 67 39 58 75 15 43 4 92 2 17 76 88 5 0 62
38 77 69 54 17 30 45 54 83 96 70 65 7 50 3 2 94 12 62 0
RRRRRRRRRRBBBBBBBBBB