16
0 32 49 36 29 40 66 45 49 24 12 46 23 34 62 43
32 0 49 32 16 70 82 61 68 28 36 14 54 63 94 74
49 49 0 17 62 61 39 93 33 67 60 57 53 78 83 21
36 32 17 0 45 58 52 79 41 50 46 41 46 68 83 35
29 16 62 45 0 68 89 46 74 13 27 25 51 53 90 55
40 70 61 58 68 0 51 63 36 61 43 85 17 35 24 48
66 82 39 52 89 51 0 99 17 89 76 92 55 82 65 23
45 61 93 79 46 63 99 0 89 34 33 71 52 29 73 45
49 68 33 41 74 36 17 89 0 73 59 80 38 65 54 24
24 28 67 50 13 61 89 34 73 0 18 38 44 41 80 54
12 36 60 46 27 43 76 33 59 18 0 49 27 27 63 63
46 14 57 41 25 85 92 71 80 38 49 0 68 77 100 32
23 54 53 46 51 17 55 52 38 44 27 68 0 28 40 87
34 63 78 68 53 35 82 29 65 41 27 77 28 0 45 72
62 94 83 83 90 24 65 73 54 80 63 100 40 45 0 95
43 74 21 35 55 48 23 45 24 54 63 32 87 72 95 0
BRBRBBRBRRRBRBRB