12
0 10 18 20 30 15 2 27 8 24 26 5
10 0 12 11 21 14 8 17 5 22 21 25
18 12 0 8 14 13 16 10 12 18 24 7
20 11 8 0 12 13 18 8 14 18 14 26
30 21 14 12 0 28 28 4 25 4 19 18
15 14 13 13 28 0 13 24 13 31 34 15
2 8 16 18 28 13 0 24 4 30 29 11
27 17 10 8 4 24 24 0 21 8 15 8
8 5 12 14 25 13 4 21 0 27 25 32
24 22 18 18 4 31 30 8 27 0 8 18
26 21 24 14 19 34 29 15 25 8 0 20
5 25 7 26 18 15 11 8 32 18 20 0
RBRBRRBRBBBR