24
0 69 80 18 69 36 75 99 45 4 90 27 59 15 58 14 85 69 12 85 34 39 54 99
69 0 22 47 40 39 4 37 20 87 23 6 78 63 26 38 80 69 61 21 20 16 32 13
80 22 0 0 46 44 53 79 61 60 53 46 38 85 17 71 20 14 92 28 41 61 1 82
18 47 0 0 50 46 43 59 74 28 6 23 81 47 86 95 74 26 96 52 80 30 63 47
69 40 46 50 0 93 22 79 75 98 67 27 99 96 55 44 82 13 75 89 33 36 97 98
36 39 44 46 93 0 41 94 10 0 4 79 71 30 39 57 88 64 10 51 53 49 10 22
75 4 53 43 22 41 0 70 32 86 53 47 50 47 56 6 6 42 71 18 90 39 93 90
99 37 79 59 79 94 70 0 44 33 17 76 2 42 69 8 65 60 56 49 90 46 94 47
45 20 61 74 75 10 32 44 0 9 57 4 14 85 28 59 45 17 93 2 6 43 99 68
4 87 60 28 98 0 86 33 9 0 35 95 70 20 91 86 22 74 10 79 42 60 73 35
90 23 53 6 67 4 53 17 57 35 0 80 24 63 17 81 30 76 96 19 57 78 77 50
27 6 46 23 27 79 47 76 4 95 80 0 44 91 73 39 78 49 35 38 57 56 23 76
59 78 38 81 99 71 50 2 14 70 24 44 0 95 5 29 40 12 87 21 42 63 45 8
15 63 85 47 96 30 47 42 85 20 63 91 95 0 55 7 93 2 98 7 33 9 9 96
58 26 17 86 55 39 56 69 28 91 17 73 5 55 0 74 59 81 27 91 83 91 47 28
14 38 71 95 44 57 6 8 59 86 81 39 29 7 74 0 56 92 73 17 66 65 70 58
85 80 20 74 82 88 6 65 45 22 30 78 40 93 59 56 0 25 78 1 84 66 57 68
69 69 14 26 13 64 42 60 17 74 76 49 12 2 81 92 25 0 41 84 44 36 54 0
12 61 92 96 75 10 71 56 93 10 96 35 87 98 27 73 78 41 0 0 1 26 88 79
85 21 28 52 89 51 18 49 2 79 19 38 21 7 91 17 1 84 0 0 15 26 43 2
34 20 41 80 33 53 90 90 6 42 57 57 42 33 83 66 84 44 1 15 0 98 90 18
39 16 61 30 36 49 39 46 43 60 78 56 63 9 91 65 66 36 26 26 98 0 96 17
54 32 1 63 97 10 93 94 99 73 77 23 45 9 47 70 57 54 88 43 90 96 0 67
99 13 82 47 98 22 90 47 68 35 50 76 8 96 28 58 68 0 79 2 18 17 67 0
BBBRBBBRBBRRRRBBBRRRBRRR