26
0 44 10 80 29 37 36 18 67 43 48 91 74 30 30 20 32 48 4 13 84 47 76 76 49 42 
44 0 35 78 82 94 99 75 39 61 95 37 41 24 63 27 20 1 55 82 84 6 38 29 89 54 
10 35 0 69 72 36 54 26 15 34 47 16 40 10 26 45 20 42 58 16 26 55 92 89 59 64 
80 78 69 0 16 63 53 37 27 98 49 65 32 38 22 79 58 19 3 48 1 38 95 95 70 22 
29 82 72 16 0 16 26 86 79 63 90 8 19 73 11 48 35 39 36 4 29 34 81 57 53 63 
37 94 36 63 16 0 36 33 9 93 48 92 56 63 62 22 1 91 62 79 98 57 31 61 60 46 
36 99 54 53 26 36 0 27 73 39 1 26 50 8 95 94 90 61 66 17 74 67 94 91 29 75 
18 75 26 37 86 33 27 0 71 85 27 45 9 37 35 54 29 75 81 91 20 54 98 96 48 4 
67 39 15 27 79 9 73 71 0 73 20 58 56 57 4 96 24 81 25 49 66 86 26 85 63 52 
43 61 34 98 63 93 39 85 73 0 80 23 5 95 36 19 3 67 53 56 72 34 70 48 14 78 
48 95 47 49 90 48 1 27 20 80 0 46 91 73 32 29 18 72 56 96 49 16 47 68 30 15 
91 37 16 65 8 92 26 45 58 23 46 0 92 77 72 33 91 25 15 46 80 48 56 3 84 100 
74 41 40 32 19 56 50 9 56 5 91 92 0 61 66 86 77 74 93 97 69 20 62 35 79 89 
30 24 10 38 73 63 8 37 57 95 73 77 61 0 88 92 20 74 52 32 75 70 96 40 41 90 
30 63 26 22 11 62 95 35 4 36 32 72 66 88 0 10 24 75 21 98 86 68 86 91 97 25 
20 27 45 79 48 22 94 54 96 19 29 33 86 92 10 0 98 59 35 91 71 27 8 73 15 98 
32 20 20 58 35 1 90 29 24 3 18 91 77 20 24 98 0 25 52 69 56 79 100 50 60 14 
48 1 42 19 39 91 61 75 81 67 72 25 74 74 75 59 25 0 24 88 38 94 13 26 47 10 
4 55 58 3 36 62 66 81 25 53 56 15 93 52 21 35 52 24 0 64 15 81 37 71 95 31 
13 82 16 48 4 79 17 91 49 56 96 46 97 32 98 91 69 88 64 0 56 27 49 26 8 44 
84 84 26 1 29 98 74 20 66 72 49 80 69 75 86 71 56 38 15 56 0 58 97 49 10 77 
47 6 55 38 34 57 67 54 86 34 16 48 20 70 68 27 79 94 81 27 58 0 88 3 12 79 
76 38 92 95 81 31 94 98 26 70 47 56 62 96 86 8 100 13 37 49 97 88 0 65 80 38 
76 29 89 95 57 61 91 96 85 48 68 3 35 40 91 73 50 26 71 26 49 3 65 0 94 82 
49 89 59 70 53 60 29 48 63 14 30 84 79 41 97 15 60 47 95 8 10 12 80 94 0 51 
42 54 64 22 63 46 75 4 52 78 15 100 89 90 25 98 14 10 31 44 77 79 38 82 51 0 
RBBBRRRBBBRRRRRBRBBBBRBRBR