30
0 58 25 96 40 93 32 14 93 77 76 8 58 88 95 23 20 90 35 65 43 78 62 33 22 32 45 88 22 25
58 0 41 69 68 35 13 6 5 87 45 11 89 22 50 69 49 97 93 94 93 94 57 73 81 62 17 74 5 68
25 41 0 24 52 73 76 1 49 53 39 9 53 86 50 52 22 3 97 38 42 90 53 54 3 4 16 10 97 42
96 69 24 0 72 71 63 53 50 69 76 46 33 58 35 81 94 86 17 82 60 53 64 44 91 14 12 14 64 11
40 68 52 72 0 32 61 76 85 10 32 70 59 53 41 97 36 84 56 5 24 42 31 50 89 39 41 74 40 3
93 35 73 71 32 0 22 46 76 21 78 82 13 18 41 16 72 82 69 5 91 78 66 59 22 51 47 43 21 33
32 13 76 63 61 22 0 48 41 59 32 59 100 31 56 61 78 78 58 12 4 87 16 88 88 100 50 25 25 81
14 6 1 53 76 46 48 0 27 16 19 64 3 65 37 39 16 47 38 3 20 64 83 26 31 1 86 58 37 89
93 5 49 50 85 76 41 27 0 78 11 60 9 78 48 2 84 52 61 75 53 18 57 51 89 99 98 31 69 53
77 87 53 69 10 21 59 16 78 0 38 97 19 75 37 11 24 82 69 71 19 31 58 91 20 10 43 4 14 16
76 45 39 76 32 78 32 19 11 38 0 5 21 37 74 77 17 69 74 50 7 74 73 64 35 41 11 75 92 84
8 11 9 46 70 82 59 64 60 97 5 0 100 38 8 53 3 38 42 39 36 91 98 29 77 81 62 46 4 87
58 89 53 33 59 13 100 3 9 19 21 100 0 79 48 55 81 74 65 83 84 52 18 18 30 18 34 55 57 70
88 22 86 58 53 18 31 65 78 75 37 38 79 0 46 28 82 3 51 83 77 15 68 57 70 83 77 99 92 89
95 50 50 35 41 41 56 37 48 37 74 8 48 46 0 18 60 77 70 64 37 52 98 39 32 54 89 3 43 38
23 69 52 81 97 16 61 39 2 11 77 53 55 28 18 0 52 63 20 80 39 70 36 65 64 40 6 89 7 52
20 49 22 94 36 72 78 16 84 24 17 3 81 82 60 52 0 93 78 23 96 14 73 11 25 16 50 20 77 82
90 97 3 86 84 82 78 47 52 82 69 38 74 3 77 63 93 0 81 22 82 99 46 42 76 45 64 35 7 50
35 93 97 17 56 69 58 38 61 69 74 42 65 51 70 20 78 81 0 91 64 50 56 69 40 85 24 86 88 46
65 94 38 82 5 5 12 3 75 71 50 39 83 83 64 80 23 22 91 0 96 19 44 39 71 66 15 86 7 39
43 93 42 60 24 91 4 20 53 19 7 36 84 77 37 39 96 82 64 96 0 67 33 48 28 80 69 83 4 69
78 94 90 53 42 78 87 64 18 31 74 91 52 15 52 70 14 99 50 19 67 0 58 71 51 52 39 34 44 83
62 57 53 64 31 66 16 83 57 58 73 98 18 68 98 36 73 46 56 44 33 58 0 54 91 79 53 92 38 49
33 73 54 44 50 59 88 26 51 91 64 29 18 57 39 65 11 42 69 39 48 71 54 0 81 7 75 100 81 4
22 81 3 91 89 22 88 31 89 20 35 77 30 70 32 64 25 76 40 71 28 51 91 81 0 42 94 83 60 99
32 62 4 14 39 51 100 1 99 10 41 81 18 83 54 40 16 45 85 66 80 52 79 7 42 0 77 95 67 37
45 17 16 12 41 47 50 86 98 43 11 62 34 77 89 6 50 64 24 15 69 39 53 75 94 77 0 59 61 48
88 74 10 14 74 43 25 58 31 4 75 46 55 99 3 89 20 35 86 86 83 34 92 100 83 95 59 0 19 96
22 5 97 64 40 21 25 37 69 14 92 4 57 92 43 7 77 7 88 7 4 44 38 81 60 67 61 19 0 7
25 68 42 11 3 33 81 89 53 16 84 87 70 89 38 52 82 50 46 39 69 83 49 4 99 37 48 96 7 0
BRBRBRBRBRBRBRBRBRBRBRBRBRBRBR
