12
0 67 81 60 80 14 15 7 9 14 4 8
67 0 29 18 29 73 72 60 76 63 71 64
81 29 0 48 1 83 91 74 90 82 85 82
60 18 48 0 47 70 62 54 69 52 64 56
80 29 1 47 0 82 90 73 89 81 84 81
14 73 83 70 82 0 28 16 13 28 13 23
15 72 91 62 90 28 0 20 16 9 14 9
7 60 74 54 73 16 20 0 16 15 11 11
9 76 90 69 89 13 16 16 0 19 5 14
14 63 82 52 81 28 9 15 19 0 15 5
4 71 85 64 84 13 14 11 5 15 0 10
8 64 82 56 81 23 9 11 14 5 10 0
RRRRRRBBBBBB