20
0 92 12 34 65 67 80 23 16 18 91 21 11 10 54 12 43 48 65 10 
92 0 23 45 62 32 85 60 10 27 31 45 49 59 28 75 83 92 98 79
12 23 0 10 19 23 24 25 26 38 39 48 49 56 79 20 14 88 77 99
34 45 10 0 86 37 67 32 10 92 35 39 40 41 49 70 94 82 31 22
65 62 19 86 0 13 16 17 18 91 47 32 33 38 78 76 42 46 40 23
67 32 23 37 13 0 13 91 71 60 32 12 31 98 76 24 82 10 28 45
80 85 24 67 16 13 0 92 27 18 37 45 18 36 19 73 90 30 60 71
23 60 25 32 17 91 92 0 85 36 29 90 20 50 84 63 28 39 57 74
16 10 26 10 18 71 27 85 0 91 63 50 26 75 95 38 58 59 83 57
18 27 38 92 91 60 18 36 91 0 91 38 37 84 19 60 19 27 47 96
91 31 39 35 47 32 37 29 63 91 0 90 28 39 93 85 60 25 83 93
21 45 48 39 32 12 45 90 50 38 90 0 83 85 97 93 50 37 28 36
11 49 49 40 33 31 18 20 26 37 28 83 0 28 34 35 14 42 52 24
10 59 56 41 38 98 36 50 75 84 39 85 28 0 98 47 12 82 38 98
54 28 79 49 78 76 19 84 95 19 93 97 34 98 0 64 75 36 28 19
12 75 20 70 76 24 73 63 38 60 85 93 35 47 64 0 26 85 36 57
43 83 14 94 42 82 90 28 58 19 60 50 14 12 75 26 0 73 19 18
48 92 88 82 46 10 30 39 59 27 25 37 42 82 36 85 73 0 91 94
65 98 77 31 40 28 60 57 83 47 83 28 52 38 28 36 19 91 0 3
10 79 99 22 23 45 71 74 57 96 93 36 24 98 19 57 18 94 3 0
RBRBRRBBRBBBRBRBRRRB