14
0 79 26 69 88 62 14 27 98 67 40 29 12 8
79 0 47 13 66 62 62 73 75 75 86 2 69 31
26 47 0 76 10 13 41 2 42 50 96 63 91 48
69 13 76 0 33 50 61 50 41 72 11 14 52 67
88 66 10 33 0 62 23 59 9 15 81 14 56 75
62 62 13 50 62 0 25 97 33 6 51 13 67 90
14 62 41 61 23 25 0 21 70 58 72 41 75 11
27 73 2 50 59 97 21 0 85 70 80 18 23 30
98 75 42 41 9 33 70 85 0 16 9 30 41 93
67 75 50 72 15 6 58 70 16 0 8 11 34 78
40 86 96 11 81 51 72 80 9 8 0 63 23 47
29 2 63 14 14 13 41 18 30 11 63 0 56 31
12 69 91 52 56 67 75 23 41 34 23 56 0 20
8 31 48 67 75 90 11 30 93 78 47 31 20 0
RRRRRRRBBBBBBB