20
0 69 20 24 42 14 73 41 57 16 31 27 10 0 1 5 20 3 30 78
69 0 45 6 47 39 97 25 58 54 3 12 35 1 14 35 35 0 42 77
20 45 0 4 46 44 45 49 11 42 20 15 42 0 2 30 49 4 7 21
24 6 4 0 49 55 3 81 38 41 30 44 22 1 6 3 34 0 30 43
42 47 46 49 0 12 40 38 47 0 28 42 65 0 10 6 15 6 43 42
14 39 44 55 12 0 57 57 32 22 5 38 41 0 16 46 11 4 47 28
73 97 45 3 40 57 0 37 12 59 17 44 34 1 8 23 24 6 20 24
41 25 49 81 38 57 37 0 14 44 13 9 20 1 16 1 1 3 27 81
57 58 11 38 47 32 12 14 0 25 18 25 23 1 4 3 47 1 58 16
16 54 42 41 0 22 59 44 25 0 22 30 50 0 6 7 33 2 46 56
31 3 20 30 28 5 17 13 18 22 0 35 2 1 11 34 8 5 9 1
27 12 15 44 42 38 44 9 25 30 35 0 33 0 1 22 25 6 36 16
10 35 42 22 65 41 34 20 23 50 2 33 0 1 12 26 3 2 19 67
0 1 0 1 0 0 1 1 1 0 1 0 1 0 0 0 1 1 0 1
1 14 2 6 10 16 8 16 4 6 11 1 12 0 0 1 7 1 0 3
5 35 30 3 6 46 23 1 3 7 34 22 26 0 1 0 26 4 18 45
20 35 49 34 15 11 24 1 47 33 8 25 3 1 7 26 0 3 24 29
3 0 4 0 6 4 6 3 1 2 5 6 2 1 1 4 3 0 2 2
30 42 7 30 43 47 20 27 58 46 9 36 19 0 0 18 24 2 0 38
78 77 21 43 42 28 24 81 16 56 1 16 67 1 3 45 29 2 38 0
RBBRRBBBRRBBBRRRBRBR
