16
0 29 6 12 3 11 44 15 49 71 35 46 89 40 73 51
29 0 95 96 83 66 63 65 77 78 54 74 45 79 26 17
6 95 0 85 9 36 80 41 15 77 97 53 26 56 31 39
12 96 85 0 35 21 98 92 40 31 33 7 76 10 80 59
3 83 9 35 0 72 2 2 86 49 58 99 88 9 32 84
11 66 36 21 72 0 96 13 87 90 38 52 62 8 89 14
44 63 80 98 2 96 0 44 69 46 65 9 94 44 35 25
15 65 41 92 2 13 44 0 73 80 97 97 4 74 30 13
49 77 15 40 86 87 69 73 0 22 68 43 84 51 62 24
71 78 77 31 49 90 46 80 22 0 8 57 49 67 54 96
35 54 97 33 58 38 65 97 68 8 0 74 97 49 85 64
46 74 53 7 99 52 9 97 43 57 74 0 83 63 61 45
89 45 26 76 88 62 94 4 84 49 97 83 0 56 42 13
40 79 56 10 9 8 44 74 51 67 49 63 56 0 58 4
73 26 31 80 32 89 35 30 62 54 85 61 42 58 0 3
51 17 39 59 84 14 25 13 24 96 64 45 13 4 3 0
BBRRBBRBBBBRRRRR
