12
0 12 14 16 3 2 11 22 4 6 16 17
12 0 2 21 4 12 3 12 41 1 2 22
14 2 0 5 2 12 23 31 32 4 37 33
16 21 5 0 12 11 1 4 9 63 21 44
3 4 2 12 0 10 40 33 76 32 11 55
2 12 12 11 10 0 22 1 22 56 2 66
11 3 23 1 40 22 0 25 23 21 81 77
22 12 31 4 33 1 25 0 62 77 99 88
4 41 32 9 76 22 23 62 0 89 12 99
6 1 4 63 32 56 21 77 89 0 10 1
16 2 37 21 11 2 81 99 12 10 0 2
17 22 33 44 55 66 77 88 99 1 2 0
RBRBBRRBBRBR