14
0 1 77 80 59 74 22 84 22 96 5 29 68 26
1 0 9 81 76 41 71 11 55 63 52 96 99 95
77 9 0 15 85 74 16 14 98 19 89 47 0 10
80 81 15 0 82 53 47 23 35 31 66 98 80 34
59 76 85 82 0 37 66 49 91 31 70 20 73 0
74 41 74 53 37 0 82 65 59 47 61 49 10 41
22 71 16 47 66 82 0 3 77 27 34 64 37 64
84 11 14 23 49 65 3 0 14 15 8 28 21 71
22 55 98 35 91 59 77 14 0 69 7 18 38 13
96 63 19 31 31 47 27 15 69 0 35 67 90 59
5 52 89 66 70 61 34 8 7 35 0 79 88 39
29 96 47 98 20 49 64 28 18 67 79 0 52 90
68 99 0 80 73 10 37 21 38 90 88 52 0 31
26 95 10 34 0 41 64 71 13 59 39 90 31 0
BRBRBBRRRBBRRB