20
0	77	1	80	12	90	30	100	40	91	49	71	48	65	40	59	42	55	21	50
77	0	52	12	80	15	90	9	100	10	81	30	71	40	61	40	51	3	80	44
1	52	0	80	19	61	31	72	44	73	47	74	45	75	12	76	10	77	32	78
80	12	80	0	70	18	79	19	51	22	56	49	89	20	88	43	78	32	77	43
12	80	19	70	0	78	22	56	12	88	2	55	4	67	10	77	1	96	44	54
90	15	61	18	78	0	65	15	88	19	76	17	84	19	51	17	88	29	99	9
30	90	31	79	22	65	0	88	12	88	30	88	40	89	31	56	22	91	23	99
100	9	72	19	56	15	88	0	99	22	77	33	99	44	55	11	88	32	89	43
40	100	44	51	12	88	12	99	0	66	9	99	8	88	7	77	17	66	27	55
91	10	73	22	88	19	88	22	66	0	76	9	65	17	99	23	88	42	77	44
49	81	47	56	2	76	30	77	9	76	0	84	12	75	44	50	32	60	10	70
71	30	74	49	55	17	88	33	99	9	84	0	51	12	76	30	70	40	80	20
48	71	45	89	4	84	40	99	8	65	12	51	0	99	7	80	8	70	35	60
65	40	75	20	67	19	89	44	88	17	75	12	99	0	85	33	55	44	66	22
40	61	12	88	10	51	31	55	7	99	44	76	7	85	0	51	49	60	12	70
59	40	76	43	77	17	56	11	77	23	50	30	80	33	51	0	88	27	57	12
42	51	10	78	1	88	22	88	17	88	32	70	8	55	49	88	0	76	30	55
55	3	77	32	96	29	91	32	66	42	60	40	70	44	60	27	76	0	80	12
21	80	32	77	44	99	23	89	27	77	10	80	35	66	12	57	30	80	0	70
50	44	78	43	54	9	99	43	55	44	70	20	60	22	70	12	55	12	70	0
RBRBRBRBRBRBRBRBRBRB