10
0 69 17 40 97 77 70 28 5 40 
69 0 41 18 62 55 19 38 93 34 
17 41 0 58 46 21 35 33 100 56 
40 18 58 0 53 83 38 80 89 63 
97 62 46 53 0 68 14 51 0 99 
77 55 21 83 68 0 52 40 23 80 
70 19 35 38 14 52 0 4 24 43 
28 38 33 80 51 40 4 0 68 88 
5 93 100 89 0 23 24 68 0 81 
40 34 56 63 99 80 43 88 81 0 
RBBRBRBBRR