22
0 9 9 64 77 51 5 30 7 30 34 100 11 46 31 10 20 90 2 45 6 25
9 0 25 8 9 9 64 77 51 5 30 7 30 34 100 11 46 31 10 20 90 2
9 25 0 11 46 31 10 20 90 2 45 6 25 8 9 9 64 77 51 5 30 7
64 8 11 0 11 46 31 10 20 90 2 45 6 25 8 9 9 4 77 51 5 30
77 9 46 11 0 30 7 30 34 100 11 46 31 10 20 90 2 45 6 25 8 74
51 9 31 46 30 0 77 51 5 30 7 30 34 100 10 20 90 2 4 30 34 100
5 64 10 31 7 77 0 5 30 7 30 34 100 11 46 31 10 20 90 5 30 7
30 77 20 10 30 51 5 0 64 77 51 5 30 7 30 34 100 11 46 31 20 2
7 51 90	20 34 5 30 64 0 100 11 46 31 10 20 90 2 45 6 25 30 33
30 5 2 90 100 30 7 77 100 0 2 75 30 34 83 11 54 91 78 79 7 8
34 30 45 2 11 7 30 51 11 2 0 71 73 53 61 67 5 2 75 77 29 99
100	7 6 45 46 30 34 5 46 75 71 0 40 56 70 29 79 71 73 9 1 22
11 30 25 6 31 34 100 30 31 30 73 40 0 7 40 56 70 29 79 99 100 7
46 34 8 25 10 100 11 7 10 34 53 56 7 0 61 67 5 2 75 2 3 91
31 100 9 8 20 10 46 30 20 83 61 70 40 61 0 6 25 8 53 61 67 70
10 11 9 9 90 20 31 34 90 11 67 29 56 67 6 0 11 54 91 78 79 7
20 46 64 9 2 90 10 100 2 54 5 79 70 5 25 11 0 53 61 67 5 2
90 31 77 4 45 2 20 11 45 91 2 71 29 2 8 54 53 0 25 8 9 9  
2 10 51 77 6 4 90 46 6 78 75 73 79 75 53 91 61 25 0 34 100 11
45 20 5 51 25 30 5 31 25 79 77 9 99 2 61 78 67 8 34 0 2 51
6 90 30 5 8 34 30 20 30 7 29 1 100 3 67 79 5 9 100 2 0 32
25 2 7 30 74 100 7 2 33 8 99 22 7 91 70 7 2 9 11 51 32 0
RBBBBRRRBRBRBRBBBRRRBR