30
0 59 85 96 71 49 80 73 2 5 19 24 96 37 55 3 4 44 11 72 48 78 95 4 83 19 41 11 74 24
59 0 51 8 3 85 97 59 19 66 10 79 30 65 59 47 10 27 83 68 81 24 12 17 45 58 49 55 34 21
85 51 0 20 87 84 27 58 93 73 86 24 67 4 100 79 81 77 18 78 26 73 41 46 95 26 13 46 65 97
96 8 20 0 68 5 73 67 2 9 21 75 96 76 41 100 18 35 93 39 12 64 8 19 65 13 57 94 66 7
71 3 87 68 0 33 75 22 16 49 93 5 35 83 27 57 5 8 57 56 41 61 60 78 71 35 100 97 12 94
49 85 84 5 33 0 50 7 7 99 85 47 59 40 35 88 63 92 31 87 3 45 100 32 19 21 96 79 6 96
80 97 27 73 75 50 0 83 24 95 72 12 92 84 86 60 72 70 4 54 50 22 35 97 53 21 46 89 29 67
73 59 58 67 22 7 83 0 78 74 10 10 39 47 41 74 53 19 68 55 56 72 22 33 10 14 1 66 16 11
2 19 93 2 16 7 24 78 0 13 66 1 65 37 92 7 26 48 3 82 1 71 31 80 75 74 42 34 54 82
5 66 73 9 49 99 95 74 13 0 16 6 33 63 76 62 4 90 14 54 2 42 7 85 93 90 8 29 13 58
19 10 86 21 93 85 72 10 66 16 0 45 59 5 29 60 87 20 79 62 76 92 75 34 95 1 5 18 74 70
24 79 24 75 5 47 12 10 1 6 45 0 40 81 19 12 18 37 79 84 27 31 72 37 78 73 64 47 91 29
96 30 67 96 35 59 92 39 65 33 59 40 0 100 9 57 33 57 4 15 75 30 70 59 54 4 60 52 75 25
37 65 4 76 83 40 84 47 37 63 5 81 100 0 63 83 96 77 75 45 99 24 52 24 43 72 31 39 35 78
55 59 100 41 27 35 86 41 92 76 29 19 9 63 0 99 93 27 11 24 3 56 81 87 88 66 38 75 38 68
3 47 79 100 57 88 60 74 7 62 60 12 57 83 99 0 58 49 24 30 47 79 78 44 25 8 71 73 89 94
4 10 81 18 5 63 72 53 26 4 87 18 33 96 93 58 0 74 56 34 6 1 42 90 89 20 99 1 22 83
44 27 77 35 8 92 70 19 48 90 20 37 57 77 27 49 74 0 59 94 57 26 55 84 14 29 46 20 11 75
11 83 18 93 57 31 4 68 3 14 79 79 4 75 11 24 56 59 0 96 37 53 79 26 88 71 58 96 63 8
72 68 78 39 56 87 54 55 82 54 62 84 15 45 24 30 34 94 96 0 35 27 82 23 87 76 11 11 16 73
48 81 26 12 41 3 50 56 1 2 76 27 75 99 3 47 6 57 37 35 0 71 96 63 95 35 32 19 54 51
78 24 73 64 61 45 22 72 71 42 92 31 30 24 56 79 1 26 53 27 71 0 8 15 33 52 80 63 94 60
95 12 41 8 60 100 35 22 31 7 75 72 70 52 81 78 42 55 79 82 96 8 0 62 20 88 48 27 60 59
4 17 46 19 78 32 97 33 80 85 34 37 59 24 87 44 90 84 26 23 63 15 62 0 32 6 55 84 40 15
83 45 95 65 71 19 53 10 75 93 95 78 54 43 88 25 89 14 88 87 95 33 20 32 0 59 99 47 13 20
19 58 26 13 35 21 21 14 74 90 1 73 4 72 66 8 20 29 71 76 35 52 88 6 59 0 35 92 7 97
41 49 13 57 100 96 46 1 42 8 5 64 60 31 38 71 99 46 58 11 32 80 48 55 99 35 0 16 50 12
11 55 46 94 97 79 89 66 34 29 18 47 52 39 75 73 1 20 96 11 19 63 27 84 47 92 16 0 8 39
74 34 65 66 12 6 29 16 54 13 74 91 75 35 38 89 22 11 63 16 54 94 60 40 13 7 50 8 0 27
24 21 97 7 94 96 67 11 82 58 70 29 25 78 68 94 83 75 8 73 51 60 59 15 20 97 12 39 27 0
RRRRRBBBBBRRRRBBBBBBBRRBBRBRRR