26
0 27 73 92 81 13 79 55 99 40 78 53 57 7 72 87 99 68 100 98 88 1 44 50 5 87 
27 0 47 16 13 71 56 34 74 2 49 6 2 35 95 63 20 30 25 37 3 36 8 12 66 50 
73 47 0 45 36 18 14 33 73 6 21 24 78 5 9 29 91 12 99 3 80 85 32 51 13 72 
92 16 45 0 11 16 39 76 28 72 59 31 1 15 54 77 27 38 92 9 75 75 61 3 18 69 
81 13 36 11 0 100 86 62 58 83 16 31 24 53 80 49 53 45 34 7 46 51 24 44 76 39 
13 71 18 16 100 0 56 47 20 14 42 51 1 90 35 57 58 69 10 82 92 25 55 24 2 0 
79 56 14 39 86 56 0 87 76 25 6 48 68 24 24 40 68 28 33 69 95 74 87 75 8 41 
55 34 33 76 62 47 87 0 100 74 43 42 53 68 35 56 92 32 27 3 76 67 65 8 86 54 
99 74 73 28 58 20 76 100 0 45 86 75 96 6 3 53 48 33 84 11 24 12 28 14 27 75 
40 2 6 72 83 14 25 74 45 0 98 47 71 2 89 98 24 27 19 71 49 3 72 37 7 77 
78 49 21 59 16 42 6 43 86 98 0 29 13 86 71 24 25 65 52 97 50 36 65 31 75 77 
53 6 24 31 31 51 48 42 75 47 29 0 84 59 59 28 43 68 62 59 48 98 63 42 22 48 
57 2 78 1 24 1 68 53 96 71 13 84 0 78 75 42 44 26 49 21 37 58 6 82 23 51 
7 35 5 15 53 90 24 68 6 2 86 59 78 0 87 72 52 98 62 93 53 63 30 56 90 29 
72 95 9 54 80 35 24 35 3 89 71 59 75 87 0 76 8 16 26 37 57 17 86 76 99 95 
87 63 29 77 49 57 40 56 53 98 24 28 42 72 76 0 49 91 7 24 58 4 42 87 67 77 
99 20 91 27 53 58 68 92 48 24 25 43 44 52 8 49 0 30 56 80 9 27 83 85 26 55 
68 30 12 38 45 69 28 32 33 27 65 68 26 98 16 91 30 0 53 99 35 48 96 52 49 100 
100 25 99 92 34 10 33 27 84 19 52 62 49 62 26 7 56 53 0 59 18 71 81 33 44 56 
98 37 3 9 7 82 69 3 11 71 97 59 21 93 37 24 80 99 59 0 59 45 17 8 15 26 
88 3 80 75 46 92 95 76 24 49 50 48 37 53 57 58 9 35 18 59 0 36 100 60 91 11 
1 36 85 75 51 25 74 67 12 3 36 98 58 63 17 4 27 48 71 45 36 0 61 43 64 33 
44 8 32 61 24 55 87 65 28 72 65 63 6 30 86 42 83 96 81 17 100 61 0 46 96 7 
50 12 51 3 44 24 75 8 14 37 31 42 82 56 76 87 85 52 33 8 60 43 46 0 96 42 
5 66 13 18 76 2 8 86 27 7 75 22 23 90 99 67 26 49 44 15 91 64 96 96 0 81 
87 50 72 69 39 0 41 54 75 77 77 48 51 29 95 77 55 100 56 26 11 33 7 42 81 0 
BRBRRBRBRBRRBBRBRRBBRBBRBR