10
0   22   31   17    7   28    1    5   37     1
22    0   39   15   38    2    5   44   36     5
31   39    0   14   26   49   45   36   45    11
17   15   14    0   43    7   27   42   22    46
7   38   26   43    0    5   50   43   50    48
28    2   49    7    5    0    4   50   35    37
1    5   45   27   50    4    0   12    5    48
5   44   36   42   43   50   12    0   22    45
37   36   45   22   50   35    5   22    0    43
1    5   11   46   48   37   48   45   43     0
BRBRRRBBRB