30
0 97 46 25 62 19 66 51 4 21 20 79 51 33 91 55 14 92 85 12 85 35 11 13 4 89 53 59 6 9
97 0 64 20 69 20 64 34 94 36 1 20 48 49 10 34 55 28 39 17 71 97 40 35 40 39 41 100 50 40
46 64 0 55 38 10 3 37 92 22 70 7 24 70 86 21 75 83 26 3 41 91 54 7 65 35 63 38 45 63
25 20 55 0 22 92 69 39 63 38 25 19 77 4 4 26 74 54 75 39 95 67 61 78 52 92 29 78 32 97
62 69 38 22 0 58 81 1 62 16 62 3 39 83 8 62 61 76 34 37 86 44 39 98 40 49 75 76 83 28
19 20 10 92 58 0 48 84 86 41 78 43 71 77 83 4 60 38 30 74 55 23 29 95 53 52 87 59 98 26	
66 64 3 69 81 48 0 60 29 62 18 86 5 20 9 4 30 4 15 91 88 16 88 75 96 42 99 77 17 17
51 34 37 39 1 84 60 0 4	5 87 9 89 30 70	96 85 23 25 85 41 24 85 29 31 36 4 10 35 90
4 94 92 63 62 86 29 4 0	91 81 43 48 56 21 56 27 55 60 46 15 57 31 67 71 18 97 17 80 78
21 36 22 38 16 41 62 5 91 0 10 69 42 22 76 55 60 99 90 17 29 36 57 65 97 94 39 54 2 88
20 1 70 25 62 78 18 87 81 10 0 11 93 17 22 75 54 78 30 48 5 25 93 35 29 60 29 78 52 19
79 20 7 19 3 43  86 9 43 69 11 0 31 30 66 20 32 68 94 94 25 56 25 35 47 12 7 39 94 39
51 48 24 77 39 71 5 89 48 42 93 31 0 98 86 69 2 64 52 28 68 80 43 67 10 4 39 18 84 82
33 49 70 4 83 77 20 30 56 22 17 30 98 0 37 73 62 34 74 26 79 11 58 4 30 38 63 44 77 67
91 10 86 4 8 83 9 70 21 76 22 66 86 37 0 17 2 95 33 77 53 64 11 6 84 2 78 32 45 51
55 34 21 26 62 4 4 96 56 55 75 20 69 73 17 0 80 57 75 87 47 71 87 62 47 8 92 88 16 35
14 55 75 74 61 60 30 85 27 60 54 32 2 62 2 80 0 94 6 26 47 13 85 44 99 30 20 66 29 94
92 28 83 54 76 38 4 23 55 99 78 68 64 34 95 57 94 0 44 52 83 34 64 78 1 26 9 1 85 46
85 39 26 75 34 30 15 25 60 90 30 94 52 74 33 75 6 44 0 89 10 41 5 19 76 94 90 36 5 38
12 17 3 39 37 74 91 85 46 17 48 94 28 26 77 87 26 52 89 0 55 3 85 36 64 38 47 55 19 39
85 71 41 95 86 55 88 41 15 29 5 25 68 79 53 47 47 83 10 55 0 39 55 6 37 62 52 62 10 76
35 97 91 67 44 23 16 24 57 36 25 56 80 11 64 71 13 34 41 3 39 0 81 27 5 72 5 42 41 8
11 40 54 61 39 29 88 85 31 57 93 25 43 58 11 87 85 64 5 85 55 81 0 83 46 73 89 63 46 80
13 35 7 78 98 95 75 29 67 65 35 35 67 4 6 62 44 78 19 36 6 27 83 0 6 35 28 27 21 66
4 40 65 52 40 53 96 31 71 97 29 47 10 30 84 47 99 1 76 64 37 5 46 6 0 25 53 59 69 72
89 39 35 92 49 52 42 36 18 94 60 12 4 38 2 8 30 26 94 38 62 72 73 35 25 0 85 37 29 21
53 41 63 29 75 87 99 4 97 39 29 7 39 63 78 92 20 9 90 47 52 5 89 28 53 85 0 89 19 44
59 100 38 78 76 59 77 10 17 54 78 39 18 44 32 88 66 1 36 55 62 42 63 27 59 37 89 0 94 73
6 50 45 32 83 98 17 35 80 2 52 94 84 77 45 16 29 85 5 19 10 41 46 21 69 29 19 94 0 82
9 40 63 97 28 26 17 90 78 88 19 39 82 67 51 35 94 46 38 39 76 8 80 66 72 21 44 73 82 0
BRRBRBRRBBBRRBRBRRBBRBRRBRBRBB