10
0 1 1 52 1 1 1 1 1 49
1 0 39 41 54 55 30 9 60 51
1 39 0 67 1 29 1 35 2 38
52 41 67 0 38 61 51 14 39 11
1 54 1 38 0 69 1 72 2 34
1 55 29 61 69 0 45 1 43 45
1 30 1 51 1 45 0 99 1 29
1 9 35 14 72 1 99 0 2 31
1 60 2 39 2 43 1 2 0 20
49 51 38 11 34 45 29 31 20 0
RBRBRBRBRB