20
0 52 85 52 88 91 97 80 29 65 50 43 100 44 88 43 100 65 70 70
52 0 47 73 87 39 76 13 88 46 47 88 91 40 19 94 56 24 28 74
85 47 0 78 80 71 79 62 74 89 96 10 85 53 39 97 77 75 0 70
52 73 78 0 75 87 76 63 19 75 60 36 41 39 67 27 26 93 32 79
88 87 80 75 0 78 64 73 60 9 79 14 27 91 68 52 31 74 96 36
91 39 71 87 78 0 20 89 18 37 14 37 79 80 50 75 42 6 36 64
97 76 79 76 64 20 0 77 42 6 30 81 25 32 0 83 16 36 53 31
80 13 62 63 73 89 77 0 42 72 39 92 97 81 45 5 0 81 29 32
29 88 74 19 60 18 42 42 0 21 57 2 54 79 100 61 16 72 25 23
65 46 89 75 9 37 6 72 21 0 91 78 7 63 7 96 98 67 79 88
50 47 96 60 79 14 30 39 57 91 0 83 58 78 25 84 32 94 33 47
43 88 10 36 14 37 81 92 2 78 83 0 84 78 6 53 10 18 71 71
100 91 85 41 27 79 25 97 54 7 58 84 0 3 15 49 98 41 10 49
44 40 53 39 91 80 32 81 79 63 78 78 3 0 89 69 5 82 98 89
88 19 39 67 68 50 0 45 100 7 25 6 15 89 0 2 79 39 41 81
43 94 97 27 52 75 83 5 61 96 84 53 49 69 2 0 99 39 89 44
100 56 77 26 31 42 16 0 16 98 32 10 98 5 79 99 0 25 48 48
65 24 75 93 74 6 36 81 72 67 94 18 41 82 39 39 25 0 31 7
70 28 0 32 96 36 53 29 25 79 33 71 10 98 41 89 48 31 0 57
70 74 70 79 36 64 31 32 23 88 47 71 49 89 81 44 48 7 57 0
RRRBRBRBRBRRBRBBBBRB