10
0 11 21 31 41 51 61 71 81 91
11 0 22 32 42 52 62 72 82 92
21 22 0 33 43 53 63 73 83 93
31 32 33 0 44 54 64 74 84 94
41 42 43 44 0 55 65 75 85 95
51 52 53 54 55 0 66 76 86 96
61 62 63 64 65 66 0 77 87 97
71 72 73 74 75 76 77 0 88 98
81 82 83 84 85 86 87 88 0 99
91 92 93 94 95 96 97 98 99 0
BRBRBRBRBR