26
   0  84  45  50   0  93  15  41  69  32  38  24  13   3  92  38  60  10  78  13  96  32  86  28  87 100
  84   0  81  62  63  31  63  84  45  12   6  61  16  12  79  23  39  17  75  30  72  97  23  32  18  95
  45  81   0  52  99  39  86  96  28  41  25  89  88  44  92  71  57  30  52  27  62  30  69  44  90   0
  50  62  52   0  19  42  99  65  26  22  38 100   0  47  56  32   4  15  22  24  91  37   2  97  53  61
   0  63  99  19   0  16  88  57  63  37  53  93  17  60 100  19  83  16  46  19   0   8  20  14  79  40
  93  31  39  42  16   0  26  35   1  26  84  28  70  35  19  60  88  92  78  10  31  19  55  81 100  16
  15  63  86  99  88  26   0  48  57  78  11  28  27  58  65  19  42  68  19  57  56  88  60   3  55  13
  41  84  96  65  57  35  48   0  97  85  55  87   8  80  31  13  11  50  55  91  68  93  85   0  38  69
  69  45  28  26  63   1  57  97   0  34  49  96  88  44  92   5  17  94  19  74  42  81  44  54  85  65
  32  12  41  22  37  26  78  85  34   0  65  79  33  57  87  58  18  14  57  65  96  99   0  45  76  28
  38   6  25  38  53  84  11  55  49  65   0  78  41   3  18  73  93  46  85  25   3  90  28  43  36  73
  24  61  89 100  93  28  28  87  96  79  78   0  47  30  16  53   6  46  22  26  71  38  52  23  13  63
  13  16  88   0  17  70  27   8  88  33  41  47   0  38  63  38  33  97  33  90   5  33   1  91   7  63
   3  12  44  47  60  35  58  80  44  57   3  30  38   0  65  73  81  85  85   0  43  86  32  16  21  98
  92  79  92  56 100  19  65  31  92  87  18  16  63  65   0  69   8  12  19  39   4  10  19  78   0  77
  38  23  71  32  19  60  19  13   5  58  73  53  38  73  69   0  46  89  91  85  90  16  50  22  48  33
  60  39  57   4  83  88  42  11  17  18  93   6  33  81   8  46   0  89   9  81  21   0  62 100  36  95
  10  17  30  15  16  92  68  50  94  14  46  46  97  85  12  89  89   0  71  35  23  24  86  86  11  87
  78  75  52  22  46  78  19  55  19  57  85  22  33  85  19  91   9  71   0  44  59  68  34  70  36  67
  13  30  27  24  19  10  57  91  74  65  25  26  90   0  39  85  81  35  44   0  83  57  60  61  87  96
  96  72  62  91   0  31  56  68  42  96   3  71   5  43   4  90  21  23  59  83   0  18  95  84   5   2
  32  97  30  37   8  19  88  93  81  99  90  38  33  86  10  16   0  24  68  57  18   0  87  12  53  80
  86  23  69   2  20  55  60  85  44   0  28  52   1  32  19  50  62  86  34  60  95  87   0  57  65   6
  28  32  44  97  14  81   3   0  54  45  43  23  91  16  78  22 100  86  70  61  84  12  57   0  55  58
  87  18  90  53  79 100  55  38  85  76  36  13   7  21   0  48  36  11  36  87   5  53  65  55   0  71
 100  95   0  61  40  16  13  69  65  28  73  63  63  98  77  33  95  87  67  96   2  80   6  58  71   0
RBBRRBBBRBRRRBBRRRBRBBRRBB