20
0 4 4 56 60 52 17 23 28 42 45 48 50 56 20 23 36 40 43 46
4 0 5 56 60 52 16 21 26 40 42 45 48 53 16 20 33 36 40 43
4 5 0 52 56 48 14 20 25 39 42 45 48 53 22 25 39 42 45 48
56 56 52 0 5 5 40 37 35 36 40 37 41 43 69 70 84 86 87 89
60 60 56 5 0 8 44 40 37 36 39 36 40 41 72 73 87 88 89 91
52 52 48 5 8 0 36 32 30 31 34 32 35 37 65 65 79 80 82 84
17 16 14 40 44 36 0 5 11 25 28 31 34 40 29 30 44 46 48 51
23 21 20 37 40 32 5 0 5 20 23 25 28 34 32 32 46 48 50 52
28 26 25 35 37 30 11 5 0 14 17 20 23 28 36 36 49 50 52 53
42 40 39 36 36 31 25 20 14 0 4 5 8 14 45 44 56 56 56 57
45 42 42 40 39 34 28 23 17 4 0 4 5 11 46 45 56 56 56 56
48 45 45 37 36 32 31 25 20 5 4 0 4 8 50 49 60 60 60 60
50 48 48 41 40 35 34 28 23 8 5 4 0 5 52 50 60 60 60 60
56 53 53 43 41 37 40 34 28 14 11 8 5 0 57 55 65 64 64 64
20 16 22 69 72 65 29 32 36 45 46 50 52 57 0 4 16 20 23 26
23 20 25 70 73 65 30 32 36 44 45 49 50 55 4 0 14 16 20 23
36 33 39 84 87 79 44 46 49 56 56 60 60 65 16 14 0 4 8 12
40 36 42 86 88 80 46 48 50 56 56 60 60 64 20 16 4 0 4 8
43 40 45 87 89 82 48 50 52 56 56 60 60 64 23 20 8 4 0 4
46 43 48 89 91 84 51 52 53 57 56 60 60 64 26 23 12 8 4 0
RRRBBBBBRBRRBRRBBRBR
