10
 0 82 68 22 41 95 36 81  9 87
82  0 34 84 68 80 76 26 74 76
68 34  0 56 48 84 30 84 65 69
22 84 56  0 93 95 26 94 38 77
41 68 48 93  0 81 38 79 86 29
95 80 84 95 81  0 96 75 92 61
36 76 30 26 38 96  0 91 43 65
81 26 84 94 79 75 91  0 24 16
 9 74 65 38 86 92 43 24  0 94
87 76 69 77 29 61 65 16 94  0
RRBBRRRBBB