10
0 21 96 81 14 24 19 87 38 78
21 0 46 84 90 20 96 59 90 68
96 46 0 68 86 20 11 71 33 51
81 84 68 0 17 12 90 99 11 22
14 90 86 17 0 45 68 11 78 99
24 20 20 12 45 0 100 21 85 50
19 96 11 90 68 100 0 15 70 17
87 59 71 99 11 21 15 0 75 5
38 90 33 11 78 85 70 75 0 80
78 68 51 22 99 50 17 5 80 0
BBRBBRBRRR