8
0  13 4  38 21 2  99 15
13 0  77 8  5  3  62 30
4  77 0  54 17 22 4  9 
38 8  54 0  2  10 15 2 
21 5  17 2  0  45 30 20
2  3  22 10 45 0  5  55
99 62 4  15 30 5  0  11
15 30 9  2  20 55 11 0
RRBBRRBB   