20
0 41 12 33 43 15 6 7 38 49 50 75 63 99 99 51 76 74 98 62
41 0 1 1 9 8 19 4 34 40 78 67 69 69 78 69 79 90 97 60
12 1 0 1 16 2 12 41 40 41 76 74 73 72 51 90 92 75 73 72
33 1 1 0 7 3 31 11 32 33 81 88 89 83 84 87 88 83 86 87 
43 9 16 7 0 18 16 17 15 11 79 85 90 91 88 78 83 80 89 86
15 8 2 3 18 0 7 21 22 29 69 74 79 82 99 93 94 88 99 53
6 19 12 31 16 7 0 45 47 43 51 50 57 59 55 53 60 67 52 58
7 4 41 11 17 21 45 0 34 33 57 59 62 66 69 78 90 92 99 69
38 34 40 32 15 22 47 34 0 48 55 76 89 99 80 54 55 56 57 58
49 40 41 33 11 29 43 33 48 0 92 56 90 99 98 97 83 85 63 69
50 78 76 81 79 69 51 57 55 92 0 12 31 45 32 33 15 16 3 4 
75 67 74 88 85 74 50 59 76 56 12 0 45 46 38 33 21 27 29 30
63 69 73 89 90 79 57 62 89 90 31 45 0 14 19 5 8 4 16 13
99 69 72 83 91 82 59 66 99 99 45 46 14 0 23 27 19 33 38 30
99 78 51 84 88 99 55 69 80 98 32 38 19 23 0 16 45 48 49 33 
51 69 90 87 78 93 53 78 54 97 33 33 5 27 16 0 40 34 38 36
76 79 92 88 83 94 60 90 55 83 15 21 8 19 45 40 0 11 14 16
74 90 75 83 80 88 67 92 56 85 16 27 4 33 48 34 11 0 27 29
98 97 73 86 89 99 52 99 57 63 3 29 16 38 49 38 14 27 0 42 
62 60 72 87 86 53 58 69 58 69 4 30 13 30 33 36 16 29 42 0 
RRRRRRRRRRBBBBBBBBBB