10
0 20 86 25 42 92 34 8 50 15
20 0 6 24 83 39 17 38 9 87
86 6 0 35 78 42 21 46 34 10
25 24 35 0 32 43 54 66 66 77
42 83 78 32 0 1 2 3 4 5
92 39 42 43 1 0 3 8 9 10
34 17 21 54 2 3 0 22 33 44
8 38 46 66 3 8 22 0 1 2
50 9 34 66 4 9 33 1 0 5
15 87 10 77 5 10 44 2 5 0
RRBRRBRBBB