16
0 3 25 20 17 3 17 20 71 84 76 100 70 76 90 73 
3 0 17 30 5 21 19 12 71 77 77 89 97 90 94 88 
25 17 0 27 8 23 10 9 78 99 96 80 78 74 83 96 
20 30 27 0 1 14 7 27 82 98 85 82 93 86 71 73 
17 5 8 1 0 1 13 11 78 94 95 94 72 84 93 77 
3 21 23 14 1 0 8 5 95 76 88 89 97 72 98 73 
17 19 10 7 13 8 0 18 89 85 100 91 70 96 92 94 
20 12 9 27 11 5 18 0 83 78 89 72 80 83 92 94 
71 71 78 82 78 95 89 83 0 8 1 8 76 79 82 85 
84 77 99 98 94 76 85 78 8 0 1 8 93 79 100 75 
76 77 96 85 95 88 100 89 1 1 0 5 83 84 75 81 
100 89 80 82 94 89 91 72 8 8 5 0 87 72 72 97 
70 97 78 93 72 97 70 80 76 93 83 87 0 25 9 7 
76 90 74 86 84 72 96 83 79 79 84 72 25 0 8 5 
90 94 83 71 93 98 92 92 82 100 75 72 9 8 0 15 
73 88 96 73 77 73 94 94 85 75 81 97 7 5 15 0 
BBBBBBBBRRRRRRRR
