18
0 65 12 15 15 15 32 64 18 16 12 13 12 69 56 45 89 21
65 0 95 20 25 84 32 97 26 89 15 54 41 48 41 75 12 12
12 95 0 12 32 87 54 98 32 48 19 87 55 52 45 54 45 49
15 20 12 0 62 98 87 52 15 65 19 98 44 65 68 44 98 28
15 25 32 62 0 23 21 12 94 65 64 46 53 98 99 54 63 78
15 84 87 98 23 0 65 35 84 65 35 78 33 41 98 65 42 23
32 32 54 87 21 65 0 65 65 35 98 45 22 65 54 15 15 89
64 97 98 52 12 35 65 0 32 98 64 65 11 12 14 84 35 21
18 26 32 15 94 84 65 32 0 84 95 98 65 75 54 44 54 65
16 89 48 65 65 65 35 98 84 0 59 75 21 49 65 31 54 98
12 15 19 19 64 35 98 64 95 59 0 18 65 58 45 23 48 52
13 54 87 98 46 78 45 65 98 75 18 0 46 76 13 46 46 79
12 41 55 44 53 33 22 11 65 21 65 46 0 98 65 26 59 15
69 48 52 65 98 41 65 12 75 49 58 76 98 0 54 21 65 45
56 41 45 68 99 98 54 14 54 65 45 13 65 54 0 48 65 46
45 75 54 44 54 65 15 84 44 31 23 46 26 21 48 0 14 56
89 12 45 98 63 42 15 35 54 54 48 46 59 65 65 14 0 65
21 12 49 28 78 23 89 21 65 98 52 79 15 45 46 56 65 0
BBRBBRBRRBRRBRBBRR