28
   0   1  18  88  57  74  93  91  81  61  47  98  17  65  44  41  28  76  60  93  76  91  87  83  49  17  51   0
   1   0  93  30   7   5  13  53  99  58  98  78  26   6   7  15  75  26  30  41  14  19  69  65   0  43  97  64
  18  93   0  40  36  37  85  81   8  75  72  60  85  90  45  67  44  85  88  50  29  68  99  29  46  16  67  75
  88  30  40   0  71  87  17  60  25  83   8  13  58  65  68  29   2  58   8  42  49  47  80  71  87  77  84  16
  57   7  36  71   0  61  52  78  71  13   3  66  32  17  90  57  48  37  26  57   1  39  34  68  87  21  42  52
  74   5  37  87  61   0  83  77   6  88  79   8  46  94  85   2  79  87  21  97  99  98  92  50  42  58  58  36
  93  13  85  17  52  83   0  17  92  22  13  89  79  44  43  43  80  46  62   5  51  68  28  90  66  61  49  67
  91  53  81  60  78  77  17   0  39  76  32  39  34   8  17  32  22  17  24  14  17  30  36  89  87  68   6  18
  81  99   8  25  71   6  92  39   0  17  29  14  79  50  99  67  69  96  55  74  83  17  16   2  60  14  58  23
  61  58  75  83  13  88  22  76  17   0  15  98  24  91  93  64  56  57  54  69  46  40  89  50  23  13  98 100
  47  98  72   8   3  79  13  32  29  15   0  53  26  72  10  77  39  78   9  21  77  97  74  27  86  82  41   1
  98  78  60  13  66   8  89  39  14  98  53   0  40  64  39  20  18   7  29   5  83  82  99  61  40  58  48  43
  17  26  85  58  32  46  79  34  79  24  26  40   0  38  20  77  65   5  44  27  46  70  38  80  94  85  90  17
  65   6  90  65  17  94  44   8  50  91  72  64  38   0  37   6  49  11  42  98  20  30  65  91  29  99  43   4
  44   7  45  68  90  85  43  17  99  93  10  39  20  37   0  42   8  60  25  24  74  15   2  33  59  46  38  69
  41  15  67  29  57   2  43  32  67  64  77  20  77   6  42   0  55  25   1  62  53  69  67  53   4 100  24  28
  28  75  44   2  48  79  80  22  69  56  39  18  65  49   8  55   0   7  73   5  70  83  16  41  95  51  11  43
  76  26  85  58  37  87  46  17  96  57  78   7   5  11  60  25   7   0  65  36  13  84  31   1  70  19  52  70
  60  30  88   8  26  21  62  24  55  54   9  29  44  42  25   1  73  65   0  28  71  25  96  55   5  41  11  44
  93  41  50  42  57  97   5  14  74  69  21   5  27  98  24  62   5  36  28   0  14  18  53  57  17  88  85 100
  76  14  29  49   1  99  51  17  83  46  77  83  46  20  74  53  70  13  71  14   0  26  47  69  65  26  44  37
  91  19  68  47  39  98  68  30  17  40  97  82  70  30  15  69  83  84  25  18  26   0  93   5  59  78  39  32
  87  69  99  80  34  92  28  36  16  89  74  99  38  65   2  67  16  31  96  53  47  93   0  98  50  32  31  87
  83  65  29  71  68  50  90  89   2  50  27  61  80  91  33  53  41   1  55  57  69   5  98   0  96  95  24  40
  49   0  46  87  87  42  66  87  60  23  86  40  94  29  59   4  95  70   5  17  65  59  50  96   0  47   3  92
  17  43  16  77  21  58  61  68  14  13  82  58  85  99  46 100  51  19  41  88  26  78  32  95  47   0  89  48
  51  97  67  84  42  58  49   6  58  98  41  48  90  43  38  24  11  52  11  85  44  39  31  24   3  89   0   3
   0  64  75  16  52  36  67  18  23 100   1  43  17   4  69  28  43  70  44 100  37  32  87  40  92  48   3   0
BBRBRBRRBRRRRBRBBBRRBBBRRBBR